"links"
"/generic-car-mp3-audio-player-bluetooth-wireless-fm-modulator-car-kit-handsfree-lcd-display-usb-charger-59474326.html"
"/generic-dc-speed-reduction-motor-65776794.html"
"/generic-2-x-car-drl-daytime-running-light-car-led-strip-turn-signal-48476606.html"
"/generic-2003-2005-camry-big-daddy-dashboard-coverrugprotector-black-56927153.html"
"/generic-universal-gear-shift-knob-cover-for-car-gray-63702988.html"
"/launch-crp129x-obd2-scanner-engine-abs-srs-tms-5-service-reset-34106866.html"
"/yankee-candles-strawberry-lemon-ice-ultimate-hanging-car-air-freshener-42146830.html"
"/fashion-4-pack-of-black-reusable-face-mask-coverings-55516301.html"
"/generic-electric-car-4x4-tyre-inflator-air-pump-with-led-light-48481890.html"
"/generic-car-best-obd-obd-scanner-tool-detector-with-bt-connection-64863080.html"
"/xft-fuel-treatment-lubricant-injector-cleaner-fuel-stabilizer-3757091.html"
"/generic-led-strip-rgb-5050-smd-2835-flexible-ribbon-fita-led-light-66744108.html"
"/generic-bluetooth-car-mp3-fm-usb-transmitter-modulator-music-player-64239108.html"
"/generic-excellent-professional-car-engine-fault-code-reader-scanner-detection-auto-automobile-analyzer-diagnostic-tool-vehicle-break-down-obd2-eobd-detector-diagnostic-tool-maxiscan-vgate-obd-scan-multi-language-can-bus-vw-support-carb-kwp-2000-17853267.html"
"/launch-car-diagnostic-check-scannerobd11-car-scanner-45086798.html"
"/hardex-gold-fully-synthetic-sae-5w-20-64874301.html"
"/generic-rechargeable-lithium-battery-18650-3.7v-5800mah-charger-60557882.html"
"/generic-car-gear-panel-inner-frame-stickers-glossy-wood-grain-44854946.html"
"/simoniz-2-pcs-of-car-scratch-removal-pen-5801607.html"
"/generic-toyota-camry-2007-2011-8.1-car-android-gps-navigation-stereo-radio-player-with-camera-60094944.html"
"/generic-baby-diaper-bag-small-blue-62306300.html"
"/liqui-moly-liqui-moly-special-tec-aa-0w-20-64873641.html"
"/liqui-moly-airflow-sensor-cleaner-22148136.html"
"/ghost-shadow-light-car-door-light-display-car-logo-brand-camry-mpg1238671.html"
"/generic-car-safety-fire-extinguisher-wheel-spanner-8-pcs-flat-ring-spanner-c-caution-sign-65765480.html"
"/generic-jump-start-battery-booster-cable-red-and-black-800amp-66893234.html"
"/generic-3-way-surge-protector-extension-box-with-3-usb-ports-13a-multi-switch-socket-43081175.html"
"/generic-heavy-duty-150-psi-suvcar-tyre-air-compressor-pump-64071481.html"
"/generic-digital-multimeter-lcd-acdc-ammeter-resistance-capacitance-tester-20642405.html"
"/generic-car-holder-suction-cup-universal-car-holder-63228195.html"
"/toyota-sienna-2005-dashboard-cover-black-64390992.html"
"/xtool-anyscan-a30-professional-diagnostic-scanner-54426961.html"
"/konnwei-kw850-full-obd2-car-diagnostics-tool-kw-850-auto-obdii-scanner-with-multi-language-29803644.html"
"/generic-stainless-steel-8-holes-car-clutchbrake-throttlepedal-lock-anti-theft-silver-44629295.html"
"/generic-car-bluetooth-mp3-fm-radio-and-phone-call-handsfree-kit-64615203.html"
"/generic-4-parking-sensors-led-car-auto-backup-reverse-rear-radar-system-alert-alarm-kit-24764090.html"
"/generic-car-seat-cover-53580576.html"
"/generic-autophix-om123-obd2-reader-car-scanner-diag-black-black-68062783.html"
"/camry-toyota-dashboard-cover-for-camry-2007-2010-67911361.html"
"/lexus-dashboard-cover-for-rx300-330-black-67910939.html"
"/generic-5d-car-floor-mat-car-foot-mat-suv-car-carpet.black-45556145.html"
"/generic-car-tyre-tire-air-pressure-gauge-0-100psi-tester-dial-meter-60008249.html"
"/generic-lexus-key-holder-and-key-cover-66374478.html"
"/mercon-v-automatic-transmission-fluids-motorcraft-mpg314643.html"
"/generic-wireless-car-vacuum-cleaner-120w-portable-handheld-vacuum-cleaner-usb-charging-wetdry-auto-portable-handheld-vacuum-cleaner-r30-29319764.html"
"/lucas-transmission-fix-stops-slip-10493497.html"
"/true-wireless-earbuds-earphones-bluetooth-wireless-earbuds-67957870.html"
"/generic-3d-leather-mat-for-honda-crosstour-black-65656878.html"
"/comfortable-backless-car-seat-cover-cushion-pad-black-universal-mpg220784.html"
"/3m-10pcs-vhb-heavy-duty-double-sided-adhesive-acrylic-foam-tape-65728818.html"
"/generic-bluetooth-car-kit-mp3-music-player-fm-transmitter-usb-tf-card-support-charger-wireless-lcd-63739191.html"
"/generic-led-roof-star-night-light-projector-atmosphere-galaxy-lamp-66670278.html"
"/generic-led-string-flexible-tape-indoor-and-outdoor-light-with-remote-control-47642551.html"
"/generic-dashboard-cleaner-and-polish-45508970.html"
"/generic-honda-led-logoshadow-light-50170343.html"
"/generic-25-in-1-torx-screwdriver-repair-tool-set-8538237.html"
"/19565r15-achilles-mpg223504.html"
"/generic-folding-design-car-remote-flip-key-shell-case-fob-3-buttons-for-volkswagen-57931256.html"
"/xtool-x100-pro2-better-than-xtool-x100pro-47643052.html"
"/generic-universal-ac-vent-phone-holder-66547669.html"
"/generic-high-power-jump-starter-kit-and-power-bank-for-laptop-mobile-devices-emergency-car-battery-50800mah-12v-ultrasafe-lithium-torch-light-multi-functional-high-boost-plus-58815380.html"
"/sienna-2005-dashboard-cover-black-66374165.html"
"/go-duster-multi-functional-rotable-cleaning-duster.-57644607.html"
"/generic-car-x8-wireless-bluetooth-fm-trasmitter-with-2.1a-and-1a-dual-usb-car-charger-60048500.html"
"/generic-12v-red-15led-motorcycle-atv-dirt-bike-brake-running-tail-58404578.html"
"/generic-car-dashboard-cover-dash-mat-pad-anti-slip-for-lexus-es350-62102288.html"
"/generic-ac-vent-car-cell-phone-holder-66547534.html"
"/generic-112kg-60x50mm-neodymium-recovery-super-magnet-fishing-treasure-hunting-detector-25519555.html"
"/portable-car-fridge-coolingwarming-7.5l-generic-mpg1224982.html"
"/generic-vehicle-tracker-61985978.html"
"/generic-775-dc-12v-36v-3500-9000rpm-motor-ball-bearing-large-torque-high-power-low-noise-21105674.html"
"/generic-car-leather-seat-cover-draft-design-beige-67485684.html"
"/generic-universal-rear-windscreen-sunshade-for-all-mercedes-model-66411145.html"
"/mr-fix-auto-ceramic-car-coating-anti-scratch-anti-rust-68138459.html"
"/generic-universal-2.5m-car-front-bumper-lip-splitter-spoiler-skirt-adhesive-protectorblack-23177508.html"
"/generic-2pcs-2017-new-design-high-power-led-72w-7600lm-6000k-super-white-bulbs-c6-h4-led-headlight-for-fog-lights-driving-lamps-67492419.html"
"/abro-18kt-gold-spray-paint-40982034.html"
"/crc-mass-airflow-throttle-body-cleaner-single-twin-pack-1-kit-19947300.html"
"/generic-68800mah-12v-usb-car-jump-starter-booster-charger-62071949.html"
"/everstart-sealed-calcium-mf-battery-75-ah-67984388.html"
"/scratch-car-care-magic-scratch-out-59209293.html"
"/honda-accord-2008-2013-android-player-58460093.html"
"/generic-40-sunblock-shade-cloth-for-plant-cover-greenhouse-barn-6.5ft-series-29m-29m-60731181.html"
"/generic-8pcs-bga-diy-anti-static-brush-set-cleaning-tools-19087038.html"
"/honda-rim-cover-center-caps-43833869.html"
"/generic-cars-polishing-body-renovate-wax-paint-scratching-repair-kit-66376215.html"
"/generic-maf-mass-air-flow-sensor-meter-5-pins-for-toyotalexus-22204-0h0102220431020-24892491.html"
"/generic-magnetic-phone-holderstans-66409379.html"
"/mobile-car-tyre-pumpair-inflator-for-car-bus-and-truck-universal-mpg179810.html"
"/generic-absorbent-towel-and-soft-micro-fiber-for-cleaning-cars-66413984.html"
"/fashion-women-disposable-pants-60pcs-59511369.html"
"/universal-multi-4-usb-ports-fast-car-charger-5v-5.8a-quick-car-charging-adapter-generic-mpg1222680.html"
"/generic-sonar-sensor-fish-finder-alarm-beam-transducer-100m-lcd-portable-24764413.html"
"/generic-130kg-60x70mm-neodymium-recovery-magnet-metal-detector-fishing-treasure-hunting-18772559.html"
"/launch-launch-x431-crp123-obd2-eobd-automotive-scannerabs-airbag-srs-transmission-engine-car-diagnostic-tool-multilingual-free-update-65768776.html"
"/generic-universal-touch-screen-2din-car-dvd-player-with-bluetooth-usb.-sd-card-cd-fm-camera-54112995.html"
"/gf-step-down-transformer-220v-110v-100watts-56930280.html"
"/generic-vc97-vici-3999-auto-range-multimeter-current-voltmeter-fluke-resistance-tester-24440839.html"
"/high-power-50800mah-car-power-bank-car-battery-jump-starter-tyre-inflator-62619023.html"
